21
14
117
20
1
6
25
1
14
25
0
3
6
1
6
10
3
2
25
1
14
24
25
0
3
24
14
2
95
25
1
3
25
1
14
24
13
10
0
24
25
1
13
24
10
2
58
25
0
3
25
1
14
24
3
1
4
93
25
1
3
25
1
14
24
13
10
0
24
25
1
13
24
10
18
2
91
25
1
14
25
1
14
24
6
1
0
3
1
4
93
11
0
4
18
25
1
15
25
1
3
25
1
14
24
13
10
0
24
25
1
13
24
10
3
1
8
25
0
14
6
1
3
1
25
0
14
24
6
10
12
18
2
160
25
0
3
25
0
14
24
13
10
0
22
1
25
0
14
25
0
14
24
6
1
0
3
1
4
124
25
0
13
22
1
25
0
13
24
6
0
10
18
2
220
5
0
3
25
0
15
24
2
196
25
0
13
24
25
0
14
24
26
2
4
213
25
0
15
24
18
2
211
25
0
13
24
26
1
4
213
11
0
25
0
13
22
1
4
165
9
